282
0
1,3,57,10524
0
1,3,53,62
0
1,3,54,1597
0
1,3,58,48
0
1,0,0,0
83144000
1,3,57,4294967295
0
1,0,0,0
528143000
1,3,57,10525
0
1,3,53,227
0
1,3,54,1664
0
1,3,58,49
0
1,0,0,0
58660000
1,3,53,228
0
1,3,54,1663
0
1,3,58,50
0
1,0,0,0
8360000
1,3,53,229
0
1,3,54,1662
0
1,0,0,0
8343000
1,3,53,231
0
1,3,54,1661
0
1,0,0,0
8405000
1,3,53,234
0
1,3,54,1660
0
1,0,0,0
8330000
1,3,53,238
0
1,3,54,1659
0
1,0,0,0
8436000
1,3,53,243
0
1,3,54,1658
0
1,0,0,0
8337000
1,3,53,249
0
1,3,54,1656
0
1,0,0,0
8382000
1,3,53,255
0
1,3,54,1655
0
1,0,0,0
8387000
1,3,53,262
0
1,3,54,1654
0
1,0,0,0
8378000
1,3,53,269
0
1,3,54,1653
0
1,0,0,0
8382000
1,3,53,277
0
1,3,54,1652
0
1,0,0,0
8364000
1,3,53,285
0
1,3,54,1650
0
1,0,0,0
8373000
1,3,53,294
0
1,3,54,1649
0
1,0,0,0
8384000
1,3,53,303
0
1,3,54,1648
0
1,0,0,0
8345000
1,3,53,311
0
1,3,54,1647
0
1,0,0,0
8423000
1,3,53,320
0
1,0,0,0
8334000
1,3,53,329
0
1,3,54,1646
0
1,0,0,0
8405000
1,3,53,339
0
1,3,54,1645
0
1,0,0,0
8380000
1,3,53,351
0
1,3,54,1644
0
1,0,0,0
8404000
1,3,53,364
0
1,3,54,1642
0
1,0,0,0
8332000
1,3,53,377
0
1,3,54,1640
0
1,0,0,0
8367000
1,3,53,390
0
1,3,54,1638
0
1,0,0,0
8395000
1,3,53,402
0
1,3,54,1636
0
1,0,0,0
8405000
1,3,53,414
0
1,3,54,1633
0
1,0,0,0
8320000
1,3,53,425
0
1,3,54,1631
0
1,0,0,0
8390000
1,3,53,435
0
1,3,54,1630
0
1,3,58,51
0
1,0,0,0
8373000
1,3,53,445
0
1,3,54,1629
0
1,0,0,0
8438000
1,3,53,455
0
1,3,54,1628
0
1,0,0,0
8290000
1,3,53,464
0
1,0,0,0
8392000
1,3,53,472
0
1,3,54,1627
0
1,0,0,0
8342000
1,3,53,481
0
1,0,0,0
8419000
1,3,53,491
0
1,0,0,0
8335000
1,3,53,502
0
1,0,0,0
8419000
1,3,53,514
0
1,3,54,1625
0
1,0,0,0
8321000
1,3,53,527
0
1,3,54,1623
0
1,0,0,0
8405000
1,3,53,539
0
1,3,54,1621
0
1,0,0,0
8344000
1,3,53,553
0
1,3,54,1619
0
1,0,0,0
8422000
1,3,53,566
0
1,3,54,1617
0
1,0,0,0
8308000
1,3,53,580
0
1,3,54,1616
0
1,0,0,0
8414000
1,3,53,592
0
1,3,54,1614
0
1,0,0,0
8340000
1,3,53,605
0
1,3,54,1613
0
1,0,0,0
8409000
1,3,53,616
0
1,3,54,1612
0
1,0,0,0
8346000
1,3,53,627
0
1,0,0,0
8390000
1,3,53,638
0
1,3,54,1613
0
1,0,0,0
8370000
1,3,53,648
0
1,3,54,1615
0
1,0,0,0
8410000
1,3,53,660
0
1,3,54,1616
0
1,0,0,0
8384000
1,3,53,672
0
1,3,54,1618
0
1,0,0,0
8324000
1,3,53,683
0
1,3,54,1621
0
1,0,0,0
8360000
1,3,53,694
0
1,3,54,1623
0
1,0,0,0
8385000
1,3,53,704
0
1,3,54,1625
0
1,0,0,0
8389000
1,3,53,714
0
1,3,54,1627
0
1,0,0,0
8405000
1,3,53,725
0
1,3,54,1629
0
1,0,0,0
8368000
1,3,53,736
0
1,3,54,1630
0
1,0,0,0
8366000
1,3,53,746
0
1,3,54,1631
0
1,0,0,0
8373000
1,3,53,757
0
1,3,54,1632
0
1,0,0,0
8354000
1,3,53,766
0
1,0,0,0
8368000
1,3,53,775
0
1,3,54,1631
0
1,0,0,0
8359000
1,3,53,784
0
1,0,0,0
8401000
1,3,53,793
0
1,0,0,0
8403000
1,3,53,802
0
1,3,54,1630
0
1,0,0,0
8342000
1,3,53,811
0
1,3,54,1629
0
1,0,0,0
8422000
1,3,53,819
0
1,3,54,1628
0
1,0,0,0
8344000
1,3,53,826
0
1,3,54,1627
0
1,0,0,0
8397000
1,3,53,833
0
1,3,54,1626
0
1,0,0,0
8353000
1,3,53,839
0
1,3,54,1625
0
1,0,0,0
8381000
1,3,53,844
0
1,3,54,1624
0
1,0,0,0
8324000
1,3,53,850
0
1,3,54,1623
0
1,0,0,0
8373000
1,3,53,855
0
1,3,54,1622
0
1,0,0,0
8338000
1,3,53,860
0
1,0,0,0
8437000
1,3,53,865
0
1,3,54,1621
0
1,0,0,0
8347000
1,3,53,870
0
1,3,54,1620
0
1,0,0,0
8376000
1,3,53,875
0
1,3,54,1619
0
1,0,0,0
8373000
1,3,53,880
0
1,3,54,1618
0
1,0,0,0
8380000
1,3,53,884
0
1,3,54,1617
0
1,0,0,0
8393000
1,3,53,888
0
1,3,54,1616
0
1,0,0,0
8369000
1,3,53,891
0
1,0,0,0
8345000
1,3,53,894
0
1,0,0,0
8424000
1,3,53,897
0
1,0,0,0
8324000
1,3,53,900
0
1,3,54,1615
0
1,0,0,0
8408000
1,3,53,903
0
1,0,0,0
8385000
1,3,53,906
0
1,0,0,0
8368000
1,3,53,908
0
1,0,0,0
8396000
1,3,53,911
0
1,3,58,53
0
1,0,0,0
8364000
1,3,53,913
0
1,0,0,0
8371000
1,3,53,916
0
1,0,0,0
8377000
1,3,53,919
0
1,0,0,0
8488000
1,3,53,921
0
1,0,0,0
8276000
1,3,53,923
0
1,0,0,0
8332000
1,3,53,924
0
1,0,0,0
8382000
1,3,53,925
0
1,3,54,1614
0
1,0,0,0
8352000
1,3,53,926
0
1,0,0,0
8436000
1,3,53,927
0
1,0,0,0
8302000
1,3,53,928
0
1,0,0,0
8370000
1,3,53,929
0
1,3,54,1613
0
1,0,0,0
7754000
1,3,54,1612
0
1,0,0,0
8362000
1,3,57,4294967295
0
1,0,0,0
771098000
1,3,57,10526
0
1,3,53,71
0
1,3,54,1627
0
1,3,58,51
0
1,0,0,0
74675000
1,3,57,4294967295
0
1,0,0,0
