225
0
1,3,57,35535
0
1,3,53,918
0
1,3,54,1502
0
1,3,58,47
0
1,3,48,4
0
1,0,0,0
58690000
1,3,54,1501
0
1,3,58,49
0
1,0,0,0
8388000
1,3,54,1500
0
1,0,0,0
8355000
1,3,54,1499
0
1,0,0,0
24610000
1,3,57,4294967295
0
1,0,0,0
672554000
1,3,57,35536
0
1,3,53,293
0
1,3,54,986
0
1,3,58,39
0
1,0,0,0
8366000
1,3,54,985
0
1,3,58,43
0
1,0,0,0
8506000
1,3,54,984
0
1,0,0,0
8345000
1,3,53,294
0
1,3,54,983
0
1,3,58,44
0
1,0,0,0
8472000
1,3,53,296
0
1,3,54,982
0
1,3,58,46
0
1,0,0,0
8345000
1,3,53,300
0
1,3,54,981
0
1,0,0,0
8415000
1,3,53,304
0
1,3,54,980
0
1,3,58,47
0
1,0,0,0
8405000
1,3,53,308
0
1,3,58,49
0
1,0,0,0
8415000
1,3,53,312
0
1,0,0,0
8369000
1,3,53,315
0
1,3,58,50
0
1,0,0,0
8392000
1,3,53,318
0
1,3,58,52
0
1,3,48,5
0
1,0,0,0
8410000
1,3,53,320
0
1,0,0,0
8429000
1,3,53,322
0
1,0,0,0
8370000
1,3,53,323
0
1,0,0,0
8466000
1,3,53,324
0
1,0,0,0
8301000
1,3,53,325
0
1,0,0,0
16163000
1,3,57,4294967295
0
1,0,0,0
1822389000
1,3,57,35537
0
1,3,53,621
0
1,3,54,1121
0
1,3,58,49
0
1,0,0,0
16719000
1,3,53,620
0
1,3,54,1120
0
1,0,0,0
8378000
1,3,53,618
0
1,3,54,1119
0
1,3,58,50
0
1,0,0,0
8409000
1,3,53,614
0
1,3,54,1117
0
1,0,0,0
8413000
1,3,53,604
0
1,3,54,1114
0
1,0,0,0
8383000
1,3,53,581
0
1,3,54,1109
0
1,0,0,0
8364000
1,3,53,545
0
1,3,54,1104
0
1,0,0,0
8456000
1,3,53,496
0
1,3,54,1099
0
1,0,0,0
8344000
1,3,53,436
0
1,3,54,1096
0
1,0,0,0
8409000
1,3,53,375
0
1,3,54,1095
0
1,0,0,0
8337000
1,3,53,313
0
1,0,0,0
8432000
1,3,53,254
0
1,3,54,1096
0
1,0,0,0
8312000
1,3,53,197
0
1,3,54,1097
0
1,0,0,0
8337000
1,3,53,147
0
1,3,54,1099
0
1,3,58,49
0
1,3,48,4
0
1,0,0,0
7912000
1,3,53,104
0
1,3,54,1102
0
1,3,58,46
0
1,3,48,5
0
1,0,0,0
8387000
1,3,57,4294967295
0
1,0,0,0
454114000
1,3,57,35538
0
1,3,53,575
0
1,3,54,1123
0
1,3,58,48
0
1,0,0,0
25168000
1,3,53,574
0
1,3,54,1122
0
1,3,58,49
0
1,0,0,0
8386000
1,3,53,572
0
1,3,54,1121
0
1,0,0,0
8355000
1,3,53,564
0
1,3,54,1120
0
1,0,0,0
8404000
1,3,53,543
0
1,3,54,1117
0
1,0,0,0
8365000
1,3,53,499
0
1,3,54,1111
0
1,0,0,0
8410000
1,3,53,436
0
1,3,54,1104
0
1,0,0,0
8422000
1,3,53,361
0
1,3,54,1099
0
1,0,0,0
8347000
1,3,53,281
0
1,3,54,1097
0
1,0,0,0
8255000
1,3,53,199
0
1,3,54,1102
0
1,3,48,4
0
1,0,0,0
8004000
1,3,53,127
0
1,3,54,1110
0
1,3,58,46
0
1,0,0,0
8330000
1,3,57,4294967295
0
1,0,0,0
605360000
1,3,57,35539
0
1,3,53,549
0
1,3,54,1157
0
1,3,58,45
0
1,0,0,0
33618000
1,3,53,548
0
1,3,54,1156
0
1,3,58,46
0
1,0,0,0
8427000
1,3,53,547
0
1,3,54,1155
0
1,0,0,0
8323000
1,3,53,546
0
1,3,54,1154
0
1,0,0,0
8447000
1,3,53,544
0
1,3,54,1153
0
1,3,58,47
0
1,0,0,0
8372000
1,3,53,541
0
1,3,54,1152
0
1,0,0,0
8396000
1,3,53,534
0
1,3,54,1150
0
1,0,0,0
8413000
1,3,53,519
0
1,3,54,1146
0
1,0,0,0
8438000
1,3,53,491
0
1,3,54,1139
0
1,0,0,0
8361000
1,3,53,448
0
1,3,54,1130
0
1,0,0,0
8383000
1,3,53,392
0
1,3,54,1122
0
1,0,0,0
8354000
1,3,53,331
0
1,3,54,1116
0
1,0,0,0
8442000
1,3,53,271
0
1,3,54,1115
0
1,0,0,0
8248000
1,3,53,209
0
1,3,54,1117
0
1,0,0,0
7955000
1,3,53,147
0
1,3,54,1124
0
1,0,0,0
8354000
1,3,57,4294967295
0
1,0,0,0
1462394000
1,3,57,35540
0
1,3,53,667
0
1,3,54,1534
0
1,3,58,48
0
1,0,0,0
75018000
1,3,57,4294967295
0
1,0,0,0
1025544000
1,3,57,35541
0
1,3,53,199
0
1,3,54,743
0
1,3,58,50
0
1,3,48,5
0
1,0,0,0
66602000
1,3,53,198
0
1,0,0,0
8327000
1,3,57,4294967295
0
1,0,0,0
