300
0
1,3,57,37301
0
1,3,53,900
0
1,3,54,1479
0
1,3,58,46
0
1,0,0,0
83084000
1,3,57,4294967295
0
1,0,0,0
1298607000
1,3,57,37302
0
1,3,53,336
0
1,3,54,979
0
1,3,58,51
0
1,3,48,5
0
1,0,0,0
66332000
1,3,57,4294967295
0
1,0,0,0
2361912000
1,3,57,37303
0
1,3,53,573
0
1,3,54,1192
0
1,3,58,48
0
1,0,0,0
8379000
1,3,53,572
0
1,3,54,1191
0
1,0,0,0
8347000
1,3,53,570
0
1,0,0,0
8338000
1,3,53,566
0
1,3,54,1190
0
1,3,58,49
0
1,0,0,0
8417000
1,3,53,560
0
1,0,0,0
8425000
1,3,53,551
0
1,0,0,0
8328000
1,3,53,539
0
1,3,54,1189
0
1,0,0,0
8353000
1,3,53,524
0
1,3,54,1188
0
1,0,0,0
8368000
1,3,53,508
0
1,3,54,1187
0
1,0,0,0
8440000
1,3,53,491
0
1,3,54,1185
0
1,0,0,0
8344000
1,3,53,473
0
1,3,54,1183
0
1,0,0,0
8399000
1,3,53,454
0
1,3,54,1181
0
1,0,0,0
8348000
1,3,53,436
0
1,3,54,1179
0
1,0,0,0
8408000
1,3,53,417
0
1,3,54,1177
0
1,0,0,0
8320000
1,3,53,397
0
1,3,54,1175
0
1,0,0,0
8386000
1,3,53,377
0
1,3,54,1172
0
1,0,0,0
8393000
1,3,53,356
0
1,3,54,1169
0
1,0,0,0
8384000
1,3,53,336
0
1,3,54,1166
0
1,0,0,0
8327000
1,3,53,316
0
1,3,54,1163
0
1,0,0,0
8395000
1,3,53,296
0
1,3,54,1161
0
1,0,0,0
8356000
1,3,53,276
0
1,3,54,1159
0
1,0,0,0
8370000
1,3,53,255
0
1,3,54,1158
0
1,0,0,0
8390000
1,3,53,232
0
1,3,54,1156
0
1,0,0,0
8370000
1,3,53,208
0
1,3,54,1155
0
1,3,58,48
0
1,3,48,4
0
1,0,0,0
8310000
1,3,53,178
0
1,0,0,0
8322000
1,3,53,150
0
1,3,54,1154
0
1,3,58,47
0
1,0,0,0
8318000
1,3,53,119
0
1,3,58,44
0
1,0,0,0
7980000
1,3,53,106
0
1,3,58,27
0
1,0,0,0
8336000
1,3,57,4294967295
0
1,0,0,0
1675959000
1,3,57,37304
0
1,3,53,423
0
1,3,54,999
0
1,3,58,46
0
1,0,0,0
83810000
1,3,53,424
0
1,3,58,47
0
1,0,0,0
8351000
1,3,53,425
0
1,0,0,0
8402000
1,3,53,427
0
1,3,54,1000
0
1,0,0,0
8378000
1,3,53,429
0
1,3,54,1001
0
1,0,0,0
8397000
1,3,53,431
0
1,3,54,1002
0
1,0,0,0
8366000
1,3,53,434
0
1,3,54,1003
0
1,0,0,0
8376000
1,3,53,437
0
1,3,54,1004
0
1,0,0,0
8373000
1,3,53,441
0
1,3,54,1005
0
1,0,0,0
8352000
1,3,53,445
0
1,3,54,1006
0
1,0,0,0
8395000
1,3,53,449
0
1,3,54,1007
0
1,0,0,0
8320000
1,3,53,454
0
1,3,54,1008
0
1,0,0,0
8409000
1,3,53,460
0
1,3,54,1010
0
1,0,0,0
8391000
1,3,53,466
0
1,3,54,1011
0
1,0,0,0
8384000
1,3,53,471
0
1,3,54,1013
0
1,0,0,0
8470000
1,3,53,476
0
1,3,54,1014
0
1,0,0,0
8279000
1,3,53,481
0
1,3,54,1015
0
1,0,0,0
8370000
1,3,53,486
0
1,3,54,1016
0
1,0,0,0
8388000
1,3,53,490
0
1,3,54,1017
0
1,0,0,0
8378000
1,3,53,494
0
1,3,54,1018
0
1,0,0,0
8369000
1,3,53,497
0
1,3,54,1019
0
1,0,0,0
8377000
1,3,53,500
0
1,0,0,0
8382000
1,3,53,502
0
1,0,0,0
8349000
1,3,53,504
0
1,0,0,0
8413000
1,3,53,505
0
1,0,0,0
8370000
1,3,53,506
0
1,0,0,0
8375000
1,3,53,507
0
1,0,0,0
50296000
1,3,53,506
0
1,0,0,0
8330000
1,3,53,505
0
1,3,54,1018
0
1,0,0,0
8419000
1,3,53,504
0
1,3,54,1017
0
1,0,0,0
8340000
1,3,53,502
0
1,3,54,1016
0
1,0,0,0
8410000
1,3,53,499
0
1,3,54,1015
0
1,0,0,0
8394000
1,3,53,495
0
1,3,54,1014
0
1,0,0,0
8390000
1,3,53,490
0
1,3,54,1012
0
1,0,0,0
8334000
1,3,53,484
0
1,3,54,1011
0
1,0,0,0
8362000
1,3,53,477
0
1,3,54,1009
0
1,3,58,48
0
1,0,0,0
8410000
1,3,53,468
0
1,3,54,1007
0
1,0,0,0
8389000
1,3,53,457
0
1,3,54,1005
0
1,0,0,0
8359000
1,3,53,445
0
1,3,54,1004
0
1,0,0,0
8386000
1,3,53,433
0
1,3,54,1003
0
1,0,0,0
8347000
1,3,53,420
0
1,3,54,1002
0
1,0,0,0
8379000
1,3,53,407
0
1,0,0,0
8388000
1,3,53,394
0
1,0,0,0
8389000
1,3,53,380
0
1,0,0,0
8435000
1,3,53,365
0
1,0,0,0
8301000
1,3,53,350
0
1,3,54,1001
0
1,0,0,0
8381000
1,3,53,334
0
1,0,0,0
8405000
1,3,53,318
0
1,0,0,0
8346000
1,3,53,301
0
1,0,0,0
8408000
1,3,53,286
0
1,3,54,1000
0
1,0,0,0
8366000
1,3,53,271
0
1,3,54,999
0
1,0,0,0
8411000
1,3,53,256
0
1,0,0,0
8331000
1,3,53,241
0
1,0,0,0
8389000
1,3,53,228
0
1,3,54,998
0
1,0,0,0
8399000
1,3,53,212
0
1,3,54,997
0
1,0,0,0
8361000
1,3,53,196
0
1,3,54,996
0
1,0,0,0
8358000
1,3,53,179
0
1,3,54,995
0
1,0,0,0
8411000
1,3,53,162
0
1,3,54,993
0
1,0,0,0
8303000
1,3,53,142
0
1,3,54,992
0
1,0,0,0
8375000
1,3,53,122
0
1,3,54,990
0
1,0,0,0
8321000
1,3,53,104
0
1,3,54,988
0
1,0,0,0
8342000
1,3,53,85
0
1,3,54,987
0
1,0,0,0
8309000
1,3,53,63
0
1,3,54,986
0
1,3,58,46
0
1,0,0,0
7973000
1,3,53,31
0
1,3,54,984
0
1,3,58,39
0
1,0,0,0
8312000
1,3,57,4294967295
0
1,0,0,0
1726198000
1,3,57,37305
0
1,3,53,207
0
1,3,54,1518
0
1,3,58,46
0
1,0,0,0
99922000
1,3,57,4294967295
0
1,0,0,0
1106166000
1,3,57,37306
0
1,3,53,190
0
1,3,54,752
0
1,3,58,49
0
1,3,48,5
0
1,0,0,0
91506000
1,3,57,4294967295
0
1,0,0,0
