210
0
1,3,57,36806
0
1,3,53,924
0
1,3,54,1478
0
1,3,58,46
0
1,3,48,4
0
1,0,0,0
150166000
1,3,57,4294967295
0
1,0,0,0
1299379000
1,3,57,36807
0
1,3,53,323
0
1,3,54,961
0
1,3,58,54
0
1,3,48,6
0
1,0,0,0
74678000
1,3,57,4294967295
0
1,0,0,0
1918695000
1,3,57,36808
0
1,3,53,588
0
1,3,54,1173
0
1,3,58,49
0
1,3,48,5
0
1,0,0,0
50292000
1,3,53,587
0
1,0,0,0
8342000
1,3,53,586
0
1,3,58,50
0
1,0,0,0
8369000
1,3,53,584
0
1,0,0,0
8353000
1,3,53,581
0
1,0,0,0
8392000
1,3,53,576
0
1,0,0,0
8321000
1,3,53,569
0
1,0,0,0
8454000
1,3,53,559
0
1,0,0,0
8402000
1,3,53,548
0
1,3,54,1172
0
1,0,0,0
8405000
1,3,53,534
0
1,3,54,1170
0
1,0,0,0
8330000
1,3,53,519
0
1,3,54,1168
0
1,0,0,0
8409000
1,3,53,502
0
1,3,54,1165
0
1,0,0,0
8348000
1,3,53,485
0
1,3,54,1162
0
1,0,0,0
8407000
1,3,53,467
0
1,3,54,1159
0
1,0,0,0
8344000
1,3,53,448
0
1,3,54,1155
0
1,0,0,0
8440000
1,3,53,427
0
1,3,54,1151
0
1,0,0,0
8334000
1,3,53,408
0
1,3,54,1148
0
1,0,0,0
8372000
1,3,53,388
0
1,3,54,1144
0
1,0,0,0
8348000
1,3,53,364
0
1,3,54,1140
0
1,0,0,0
8429000
1,3,53,341
0
1,3,54,1135
0
1,0,0,0
8415000
1,3,53,317
0
1,3,54,1130
0
1,0,0,0
8329000
1,3,53,288
0
1,3,54,1125
0
1,0,0,0
8266000
1,3,53,261
0
1,3,54,1120
0
1,0,0,0
8453000
1,3,53,232
0
1,3,54,1115
0
1,0,0,0
8319000
1,3,53,201
0
1,3,54,1110
0
1,0,0,0
8382000
1,3,53,168
0
1,3,54,1105
0
1,0,0,0
8306000
1,3,53,133
0
1,3,54,1100
0
1,0,0,0
7878000
1,3,53,101
0
1,3,54,1095
0
1,3,58,48
0
1,0,0,0
8315000
1,3,57,4294967295
0
1,0,0,0
980825000
1,3,57,36809
0
1,3,53,473
0
1,3,54,1181
0
1,3,58,50
0
1,0,0,0
33457000
1,3,53,472
0
1,0,0,0
8345000
1,3,53,470
0
1,0,0,0
8387000
1,3,53,467
0
1,0,0,0
8365000
1,3,53,464
0
1,0,0,0
8437000
1,3,53,459
0
1,0,0,0
8345000
1,3,53,452
0
1,3,54,1182
0
1,0,0,0
8360000
1,3,53,442
0
1,0,0,0
8378000
1,3,53,430
0
1,3,54,1183
0
1,0,0,0
8416000
1,3,53,417
0
1,3,54,1184
0
1,0,0,0
8359000
1,3,53,402
0
1,3,54,1185
0
1,0,0,0
8371000
1,3,53,387
0
1,0,0,0
8353000
1,3,53,371
0
1,0,0,0
8401000
1,3,53,354
0
1,0,0,0
8397000
1,3,53,338
0
1,0,0,0
8367000
1,3,53,322
0
1,0,0,0
8328000
1,3,53,306
0
1,0,0,0
8409000
1,3,53,289
0
1,0,0,0
8367000
1,3,53,273
0
1,0,0,0
8405000
1,3,53,256
0
1,0,0,0
8283000
1,3,53,239
0
1,0,0,0
8402000
1,3,53,222
0
1,3,54,1184
0
1,0,0,0
8426000
1,3,53,203
0
1,3,54,1183
0
1,0,0,0
8330000
1,3,53,185
0
1,3,54,1182
0
1,0,0,0
8325000
1,3,53,167
0
1,3,54,1180
0
1,0,0,0
8353000
1,3,53,148
0
1,3,54,1178
0
1,0,0,0
8382000
1,3,53,129
0
1,3,54,1176
0
1,0,0,0
8401000
1,3,53,112
0
1,3,54,1174
0
1,3,58,49
0
1,0,0,0
8309000
1,3,53,96
0
1,3,54,1172
0
1,3,58,48
0
1,0,0,0
8381000
1,3,53,77
0
1,3,54,1169
0
1,3,58,47
0
1,0,0,0
7856000
1,3,53,52
0
1,3,54,1165
0
1,3,58,44
0
1,3,48,4
0
1,0,0,0
8390000
1,3,57,4294967295
0
1,0,0,0
1089724000
1,3,57,36810
0
1,3,53,379
0
1,3,54,1493
0
1,3,58,50
0
1,3,48,5
0
1,0,0,0
83061000
1,3,57,4294967295
0
1,0,0,0
955736000
1,3,57,36811
0
1,3,53,405
0
1,3,54,1503
0
1,0,0,0
83088000
1,3,57,4294967295
0
1,0,0,0
980735000
1,3,57,36812
0
1,3,53,209
0
1,3,54,742
0
1,3,58,53
0
1,3,48,6
0
1,0,0,0
49590000
1,3,53,208
0
1,0,0,0
8331000
1,3,57,4294967295
0
1,0,0,0
